55053.976 10337.361 9950.775 12326.628 13486.130
39079.083 12742.742 8518.432 9109.765 10825.456
18028.631 3610.990 5531.919 5678.387 5012.798
37100.884 269.544 242.551 261.164 255.983
8314.696 2993.761 1564.792 935.460 971.319
19454.933 4202.321 3317.520 2032.750 0.176
486012.365 841573.294 1255471.481 1474201.883 1233861.084
54247.694 18605.633 14012.707 6797.535 7819.468
23128.726 4631.683 7475.950 7197.826 7596.075
55092.746 6837.623 3951.037 4212.179 4443.749
499539.245 848498.612 1365151.332 1727257.378 1744686.717
32093.798 6836.469 4682.912 3386.013 0.163
36277.129 19931.415 17854.387 19534.722 20797.530
24268.751 10872.465 10470.076 5638.920 7823.669
9280.628 3275.701 4765.912 5555.113 4989.234
24167.377 271.725 259.897 254.697 253.782
9979.098 6361.992 4126.669 3085.161 3148.289
9086.744 4942.415 3410.662 3200.858 0.183
16945.370 10777.405 10429.911 12463.900 13429.477
17260.285 8565.390 8564.190 5344.435 6606.863
8571.602 2989.745 4346.035 4173.566 4335.524
18357.060 264.823 248.759 245.733 253.045
5897.698 3468.632 2384.169 1513.253 1501.032
9329.642 4291.445 2961.258 2800.698 0.185
13824.673 9535.800 7666.150 8945.365 8874.853
12456.336 8050.399 8784.191 5525.668 5211.398
8032.997 3149.919 3635.163 3723.770 4121.440
15563.802 258.728 247.155 252.021 256.042
4164.115 2695.524 1989.129 1325.668 1213.040
7410.742 3271.764 2963.246 1765.852 0.205